# Created by Octave 5.1.0, Thu Apr 25 14:58:50 2019 GMT <unknown@DESKTOP-R5VLIHH>
# name: x
# type: matrix
# rows: 1
# columns: 126
 -6.2800000000000002 -6.1800000000000006 -6.0800000000000001 -5.9800000000000004 -5.8799999999999999 -5.7800000000000002 -5.6799999999999997 -5.5800000000000001 -5.4800000000000004 -5.3799999999999999 -5.2800000000000002 -5.1799999999999997 -5.0800000000000001 -4.9800000000000004 -4.8799999999999999 -4.7800000000000002 -4.6799999999999997 -4.5800000000000001 -4.4800000000000004 -4.3799999999999999 -4.2800000000000002 -4.1799999999999997 -4.0800000000000001 -3.98 -3.8799999999999999 -3.7800000000000002 -3.6800000000000002 -3.5800000000000001 -3.48 -3.3799999999999999 -3.2800000000000002 -3.1800000000000002 -3.0800000000000001 -2.98 -2.8799999999999999 -2.7800000000000002 -2.6800000000000002 -2.5800000000000001 -2.48 -2.3799999999999999 -2.2800000000000002 -2.1799999999999997 -2.0800000000000001 -1.9800000000000004 -1.8799999999999999 -1.7800000000000002 -1.6799999999999997 -1.5800000000000001 -1.4799999999999995 -1.3799999999999999 -1.2800000000000002 -1.1799999999999997 -1.0800000000000001 -0.97999999999999954 -0.87999999999999989 -0.78000000000000025 -0.67999999999999972 -0.58000000000000007 -0.47999999999999954 -0.37999999999999989 -0.28000000000000025 -0.17999999999999972 -0.080000000000000071 0.020000000000000462 0.12000000000000011 0.21999999999999975 0.32000000000000028 0.41999999999999993 0.52000000000000046 0.62000000000000011 0.71999999999999975 0.82000000000000028 0.91999999999999993 1.0200000000000005 1.1200000000000001 1.2199999999999998 1.3200000000000003 1.4199999999999999 1.5200000000000005 1.6200000000000001 1.7199999999999998 1.8199999999999994 1.9200000000000008 2.0200000000000005 2.1200000000000001 2.2199999999999998 2.3199999999999994 2.4200000000000008 2.5200000000000005 2.6200000000000001 2.7199999999999998 2.8199999999999994 2.9200000000000008 3.0200000000000005 3.1200000000000001 3.2199999999999998 3.3200000000000012 3.4200000000000008 3.5200000000000005 3.6200000000000001 3.7199999999999998 3.8200000000000012 3.9200000000000008 4.0200000000000005 4.1200000000000001 4.2199999999999998 4.3200000000000012 4.4200000000000008 4.5200000000000005 4.6200000000000001 4.7199999999999998 4.8200000000000012 4.9200000000000008 5.0200000000000005 5.1200000000000001 5.2199999999999998 5.3200000000000012 5.4200000000000008 5.5200000000000005 5.6200000000000001 5.7199999999999998 5.8200000000000012 5.9200000000000008 6.0200000000000005 6.1200000000000001 6.2199999999999998


# name: xx
# type: matrix
# rows: 41
# columns: 41
 -8 -7.5999999999999996 -7.2000000000000002 -6.7999999999999998 -6.4000000000000004 -6 -5.5999999999999996 -5.1999999999999993 -4.7999999999999998 -4.4000000000000004 -4 -3.5999999999999996 -3.1999999999999993 -2.7999999999999998 -2.3999999999999995 -2 -1.5999999999999996 -1.1999999999999993 -0.79999999999999982 -0.39999999999999947 0 0.40000000000000036 0.80000000000000071 1.2000000000000011 1.6000000000000014 2 2.4000000000000004 2.8000000000000007 3.2000000000000011 3.6000000000000014 4 4.4000000000000004 4.8000000000000007 5.2000000000000011 5.6000000000000014 6 6.4000000000000004 6.8000000000000007 7.2000000000000011 7.6000000000000014 8
 -8 -7.5999999999999996 -7.2000000000000002 -6.7999999999999998 -6.4000000000000004 -6 -5.5999999999999996 -5.1999999999999993 -4.7999999999999998 -4.4000000000000004 -4 -3.5999999999999996 -3.1999999999999993 -2.7999999999999998 -2.3999999999999995 -2 -1.5999999999999996 -1.1999999999999993 -0.79999999999999982 -0.39999999999999947 0 0.40000000000000036 0.80000000000000071 1.2000000000000011 1.6000000000000014 2 2.4000000000000004 2.8000000000000007 3.2000000000000011 3.6000000000000014 4 4.4000000000000004 4.8000000000000007 5.2000000000000011 5.6000000000000014 6 6.4000000000000004 6.8000000000000007 7.2000000000000011 7.6000000000000014 8
 -8 -7.5999999999999996 -7.2000000000000002 -6.7999999999999998 -6.4000000000000004 -6 -5.5999999999999996 -5.1999999999999993 -4.7999999999999998 -4.4000000000000004 -4 -3.5999999999999996 -3.1999999999999993 -2.7999999999999998 -2.3999999999999995 -2 -1.5999999999999996 -1.1999999999999993 -0.79999999999999982 -0.39999999999999947 0 0.40000000000000036 0.80000000000000071 1.2000000000000011 1.6000000000000014 2 2.4000000000000004 2.8000000000000007 3.2000000000000011 3.6000000000000014 4 4.4000000000000004 4.8000000000000007 5.2000000000000011 5.6000000000000014 6 6.4000000000000004 6.8000000000000007 7.2000000000000011 7.6000000000000014 8
 -8 -7.5999999999999996 -7.2000000000000002 -6.7999999999999998 -6.4000000000000004 -6 -5.5999999999999996 -5.1999999999999993 -4.7999999999999998 -4.4000000000000004 -4 -3.5999999999999996 -3.1999999999999993 -2.7999999999999998 -2.3999999999999995 -2 -1.5999999999999996 -1.1999999999999993 -0.79999999999999982 -0.39999999999999947 0 0.40000000000000036 0.80000000000000071 1.2000000000000011 1.6000000000000014 2 2.4000000000000004 2.8000000000000007 3.2000000000000011 3.6000000000000014 4 4.4000000000000004 4.8000000000000007 5.2000000000000011 5.6000000000000014 6 6.4000000000000004 6.8000000000000007 7.2000000000000011 7.6000000000000014 8
 -8 -7.5999999999999996 -7.2000000000000002 -6.7999999999999998 -6.4000000000000004 -6 -5.5999999999999996 -5.1999999999999993 -4.7999999999999998 -4.4000000000000004 -4 -3.5999999999999996 -3.1999999999999993 -2.7999999999999998 -2.3999999999999995 -2 -1.5999999999999996 -1.1999999999999993 -0.79999999999999982 -0.39999999999999947 0 0.40000000000000036 0.80000000000000071 1.2000000000000011 1.6000000000000014 2 2.4000000000000004 2.8000000000000007 3.2000000000000011 3.6000000000000014 4 4.4000000000000004 4.8000000000000007 5.2000000000000011 5.6000000000000014 6 6.4000000000000004 6.8000000000000007 7.2000000000000011 7.6000000000000014 8
 -8 -7.5999999999999996 -7.2000000000000002 -6.7999999999999998 -6.4000000000000004 -6 -5.5999999999999996 -5.1999999999999993 -4.7999999999999998 -4.4000000000000004 -4 -3.5999999999999996 -3.1999999999999993 -2.7999999999999998 -2.3999999999999995 -2 -1.5999999999999996 -1.1999999999999993 -0.79999999999999982 -0.39999999999999947 0 0.40000000000000036 0.80000000000000071 1.2000000000000011 1.6000000000000014 2 2.4000000000000004 2.8000000000000007 3.2000000000000011 3.6000000000000014 4 4.4000000000000004 4.8000000000000007 5.2000000000000011 5.6000000000000014 6 6.4000000000000004 6.8000000000000007 7.2000000000000011 7.6000000000000014 8
 -8 -7.5999999999999996 -7.2000000000000002 -6.7999999999999998 -6.4000000000000004 -6 -5.5999999999999996 -5.1999999999999993 -4.7999999999999998 -4.4000000000000004 -4 -3.5999999999999996 -3.1999999999999993 -2.7999999999999998 -2.3999999999999995 -2 -1.5999999999999996 -1.1999999999999993 -0.79999999999999982 -0.39999999999999947 0 0.40000000000000036 0.80000000000000071 1.2000000000000011 1.6000000000000014 2 2.4000000000000004 2.8000000000000007 3.2000000000000011 3.6000000000000014 4 4.4000000000000004 4.8000000000000007 5.2000000000000011 5.6000000000000014 6 6.4000000000000004 6.8000000000000007 7.2000000000000011 7.6000000000000014 8
 -8 -7.5999999999999996 -7.2000000000000002 -6.7999999999999998 -6.4000000000000004 -6 -5.5999999999999996 -5.1999999999999993 -4.7999999999999998 -4.4000000000000004 -4 -3.5999999999999996 -3.1999999999999993 -2.7999999999999998 -2.3999999999999995 -2 -1.5999999999999996 -1.1999999999999993 -0.79999999999999982 -0.39999999999999947 0 0.40000000000000036 0.80000000000000071 1.2000000000000011 1.6000000000000014 2 2.4000000000000004 2.8000000000000007 3.2000000000000011 3.6000000000000014 4 4.4000000000000004 4.8000000000000007 5.2000000000000011 5.6000000000000014 6 6.4000000000000004 6.8000000000000007 7.2000000000000011 7.6000000000000014 8
